[[-1001], [-2001], [-3001], [-4001], [-1002], [-1011], [-2002], [-2011]]
TURN_RIGHT
MOVE_FORWARD
Score: -10
Move to: (2, 1)
PERCEIVE_BREEZE
[[-1001], [-2001], [-3001], [-4001], [-1002], [-1011], [-2002], [-2011], [3002], [-4002], [-3002, 1001, 1003, 1012], [-1003, 3002], [-1001, 3002], [-1012, 3002], [-2003], [-2012]]
Infer: (3, 1)
TURN_RIGHT
INFER_PIT
INFER_NOT_PIT
Infer: (2, 2)
TURN_UP
INFER_PIT
INFER_NOT_PIT
TURN_LEFT
MOVE_FORWARD
Score: -20
Backtrack: (1, 1)
TURN_UP
MOVE_FORWARD
Score: -30
Move to: (1, 2)
PERCEIVE_STENCH
[[-1001], [-2001], [-3001], [-4001], [-1002], [-1011], [-2002], [-2011], [3002], [-4002], [-3002, 1001, 1003, 1012], [-1003, 3002], [-1001, 3002], [-1012, 3002], [-2003], [-2012], [-3011], [4011], [-1012], [-1021], [-4011, 2001, 2012, 2021], [-2012, 4011], [-2021, 4011], [-2001, 4011]]
Infer: (2, 2)
TURN_RIGHT
INFER_WUMPUS
INFER_NOT_WUMPUS
Infer: (1, 3)
TURN_UP
INFER_WUMPUS
INFER_NOT_WUMPUS
Try: (2, 2)
TURN_RIGHT
SHOOT
Score: -130
Try: (1, 3)
TURN_UP
SHOOT
Score: -230
KILL_WUMPUS
KB: [[-1001], [-2001], [-3001], [-4001], [-1002], [-1011], [-2002], [-2011], [3002], [-4002], [-3002, 1001, 1003, 1012], [-1003, 3002], [-1001, 3002], [-1012, 3002], [-2003], [-2012], [-3011], [4011], [-1012], [-1021], [-4021]]
TURN_UP
MOVE_FORWARD
Score: -240
Move to: (1, 3)
[[-1001], [-2001], [-3001], [-4001], [-1002], [-1011], [-2002], [-2011], [3002], [-4002], [-3002, 1001, 1003, 1012], [-1003, 3002], [-1001, 3002], [-1012, 3002], [-2003], [-2012], [-3011], [4011], [-1012], [-1021], [-4021], [-2021], [-3021], [-1022], [-1031], [-2022], [-2031]]
TURN_RIGHT
MOVE_FORWARD
Score: -250
Move to: (2, 3)
PERCEIVE_BREEZE
[[-1001], [-2001], [-3001], [-4001], [-1002], [-1011], [-2002], [-2011], [3002], [-4002], [-3002, 1001, 1003, 1012], [-1003, 3002], [-1001, 3002], [-1012, 3002], [-2003], [-2012], [-3011], [4011], [-1012], [-1021], [-4021], [-2021], [-3021], [-1022], [-1031], [-2022], [-2031], [3022], [-4022], [-3022, 1012, 1021, 1023, 1032], [-1023, 3022], [-1021, 3022], [-1032, 3022], [-1012, 3022], [-2023], [-2032]]
Infer: (3, 3)
TURN_RIGHT
INFER_PIT
INFER_NOT_PIT
Infer: (2, 4)
TURN_UP
INFER_PIT
INFER_NOT_PIT
Infer: (2, 2)
TURN_DOWN
INFER_PIT
INFER_NOT_PIT
TURN_LEFT
MOVE_FORWARD
Score: -260
Backtrack: (1, 3)
TURN_UP
MOVE_FORWARD
Score: -270
Move to: (1, 4)
PERCEIVE_BREEZE
[[-1001], [-2001], [-3001], [-4001], [-1002], [-1011], [-2002], [-2011], [3002], [-4002], [-3002, 1001, 1003, 1012], [-1003, 3002], [-1001, 3002], [-1012, 3002], [-2003], [-2012], [-3011], [4011], [-1012], [-1021], [-4021], [-2021], [-3021], [-1022], [-1031], [-2022], [-2031], [3022], [-4022], [-3022, 1012, 1021, 1023, 1032], [-1023, 3022], [-1021, 3022], [-1032, 3022], [-1012, 3022], [-2023], [-2032], [3031], [-4031], [-3031, 1021, 1032, 1041], [-1032, 3031], [-1041, 3031], [-1021, 3031], [-2041]]
Infer: (2, 4)
TURN_RIGHT
INFER_PIT
INFER_NOT_PIT
Infer: (1, 5)
TURN_UP
INFER_PIT
INFER_NOT_PIT
TURN_DOWN
MOVE_FORWARD
Score: -280
Backtrack: (1, 3)
TURN_DOWN
MOVE_FORWARD
Score: -290
Backtrack: (1, 2)
TURN_DOWN
MOVE_FORWARD
Score: -300
Backtrack: (1, 1)
CLIMB_OUT_OF_THE_CAVE
Score: -290
