[[-1001], [-2001], [-3001], [-4001], [-1002], [-1011], [-2002], [-2011]]
TURN_RIGHT
MOVE_FORWARD
Score: -10
Move to: (2, 1)
PERCEIVE_BREEZE
[[-1001], [-2001], [-3001], [-4001], [-1002], [-1011], [-2002], [-2011], [3002], [-4002], [-3002, 1001, 1003, 1012], [-1003, 3002], [-1001, 3002], [-1012, 3002], [-2003], [-2012]]
Infer: (3, 1)
TURN_RIGHT
INFER_PIT
INFER_NOT_PIT
Infer: (2, 2)
TURN_UP
INFER_PIT
INFER_NOT_PIT
TURN_LEFT
MOVE_FORWARD
Score: -20
Backtrack: (1, 1)
TURN_UP
MOVE_FORWARD
Score: -30
Move to: (1, 2)
PERCEIVE_STENCH
[[-1001], [-2001], [-3001], [-4001], [-1002], [-1011], [-2002], [-2011], [3002], [-4002], [-3002, 1001, 1003, 1012], [-1003, 3002], [-1001, 3002], [-1012, 3002], [-2003], [-2012], [-3011], [4011], [-1012], [-1021], [-4011, 2001, 2012, 2021], [-2012, 4011], [-2021, 4011], [-2001, 4011]]
Infer: (2, 2)
TURN_RIGHT
INFER_WUMPUS
INFER_NOT_WUMPUS
DETECT_NO_WUMPUS
Infer: (1, 3)
TURN_UP
INFER_WUMPUS
DETECT_WUMPUS
SHOOT
Score: -130
KILL_WUMPUS
KB: [[-1001], [-2001], [-3001], [-4001], [-1002], [-1011], [-2002], [-2011], [3002], [-4002], [-3002, 1001, 1003, 1012], [-1003, 3002], [-1001, 3002], [-1012, 3002], [-2003], [-2012], [-3011], [4011], [-1012], [-1021], [-4021]]
TURN_RIGHT
MOVE_FORWARD
Score: -140
Move to: (2, 2)
GRAB_GOLD
Score: -40
[[-1001], [-2001], [-3001], [-4001], [-1002], [-1011], [-2002], [-2011], [3002], [-4002], [-3002, 1001, 1003, 1012], [-1003, 3002], [-1001, 3002], [-1012, 3002], [-2003], [-2012], [-3011], [4011], [-1012], [-1021], [-4021], [-3012], [-4012], [-1013], [-1022], [-2013], [-2022]]
TURN_RIGHT
MOVE_FORWARD
Score: -50
Move to: (3, 2)
PERCEIVE_BREEZE
[[-1001], [-2001], [-3001], [-4001], [-1002], [-1011], [-2002], [-2011], [3002], [-4002], [-3002, 1001, 1003, 1012], [-1003, 3002], [-1001, 3002], [-1012, 3002], [-2003], [-2012], [-3011], [4011], [-1012], [-1021], [-4021], [-3012], [-4012], [-1013], [-1022], [-2013], [-2022], [3013], [-4013], [-3013, 1003, 1012, 1014, 1023], [-1014, 3013], [-1012, 3013], [-1023, 3013], [-1003, 3013], [-2014], [-2023]]
Infer: (4, 2)
TURN_RIGHT
INFER_PIT
INFER_NOT_PIT
Infer: (3, 3)
TURN_UP
INFER_PIT
INFER_NOT_PIT
Infer: (3, 1)
TURN_DOWN
INFER_PIT
DECTECT_PIT
[[-1001], [-2001], [-3001], [-4001], [-1002], [-1011], [-2002], [-2011], [3002], [-4002], [-3002, 1001, 1003, 1012], [-1003, 3002], [-1001, 3002], [-1012, 3002], [-2003], [-2012], [-3011], [4011], [-1012], [-1021], [-4021], [-3012], [-4012], [-1013], [-1022], [-2013], [-2022], [3013], [-4013], [-3013, 1003, 1012, 1014, 1023], [-1014, 3013], [-1012, 3013], [-1023, 3013], [-1003, 3013], [-2014], [-2023], [1003], [-3003], [-4003], [-1004], [-2004]]
TURN_LEFT
MOVE_FORWARD
Score: -60
Backtrack: (2, 2)
TURN_UP
MOVE_FORWARD
Score: -70
Move to: (2, 3)
PERCEIVE_BREEZE
[[-1001], [-2001], [-3001], [-4001], [-1002], [-1011], [-2002], [-2011], [3002], [-4002], [-3002, 1001, 1003, 1012], [-1003, 3002], [-1001, 3002], [-1012, 3002], [-2003], [-2012], [-3011], [4011], [-1012], [-1021], [-4021], [-3012], [-4012], [-1013], [-1022], [-2013], [-2022], [3013], [-4013], [-3013, 1003, 1012, 1014, 1023], [-1014, 3013], [-1012, 3013], [-1023, 3013], [-1003, 3013], [-2014], [-2023], [1003], [-3003], [-4003], [-1004], [-2004], [3022], [-4022], [-3022, 1012, 1021, 1023, 1032], [-1023, 3022], [-1021, 3022], [-1032, 3022], [-1012, 3022], [-2021], [-2032]]
Infer: (3, 3)
TURN_RIGHT
INFER_PIT
INFER_NOT_PIT
Infer: (1, 3)
TURN_LEFT
INFER_PIT
INFER_NOT_PIT
DETECT_NO_PIT
Infer: (2, 4)
TURN_UP
INFER_PIT
INFER_NOT_PIT
TURN_DOWN
MOVE_FORWARD
Score: -80
Backtrack: (2, 2)
TURN_LEFT
MOVE_FORWARD
Score: -90
Backtrack: (1, 2)
TURN_UP
MOVE_FORWARD
Score: -100
Move to: (1, 3)
[[-1001], [-2001], [-3001], [-4001], [-1002], [-1011], [-2002], [-2011], [3002], [-4002], [-3002, 1001, 1003, 1012], [-1003, 3002], [-1001, 3002], [-1012, 3002], [-2003], [-2012], [-3011], [4011], [-1012], [-1021], [-4021], [-3012], [-4012], [-1013], [-1022], [-2013], [-2022], [3013], [-4013], [-3013, 1003, 1012, 1014, 1023], [-1014, 3013], [-1012, 3013], [-1023, 3013], [-1003, 3013], [-2014], [-2023], [1003], [-3003], [-4003], [-1004], [-2004], [3022], [-4022], [-3022, 1012, 1021, 1023, 1032], [-1023, 3022], [-1021, 3022], [-1032, 3022], [-1012, 3022], [-2021], [-2032], [-3021], [-1031], [-2031]]
TURN_UP
MOVE_FORWARD
Score: -110
Move to: (1, 4)
PERCEIVE_BREEZE
[[-1001], [-2001], [-3001], [-4001], [-1002], [-1011], [-2002], [-2011], [3002], [-4002], [-3002, 1001, 1003, 1012], [-1003, 3002], [-1001, 3002], [-1012, 3002], [-2003], [-2012], [-3011], [4011], [-1012], [-1021], [-4021], [-3012], [-4012], [-1013], [-1022], [-2013], [-2022], [3013], [-4013], [-3013, 1003, 1012, 1014, 1023], [-1014, 3013], [-1012, 3013], [-1023, 3013], [-1003, 3013], [-2014], [-2023], [1003], [-3003], [-4003], [-1004], [-2004], [3022], [-4022], [-3022, 1012, 1021, 1023, 1032], [-1023, 3022], [-1021, 3022], [-1032, 3022], [-1012, 3022], [-2021], [-2032], [-3021], [-1031], [-2031], [3031], [-4031], [-3031, 1021, 1032, 1041], [-1032, 3031], [-1041, 3031], [-1021, 3031], [-2041]]
Infer: (2, 4)
TURN_RIGHT
INFER_PIT
INFER_NOT_PIT
Infer: (1, 5)
TURN_UP
INFER_PIT
INFER_NOT_PIT
TURN_DOWN
MOVE_FORWARD
Score: -120
Backtrack: (1, 3)
TURN_DOWN
MOVE_FORWARD
Score: -130
Backtrack: (1, 2)
TURN_DOWN
MOVE_FORWARD
Score: -140
Backtrack: (1, 1)
CLIMB_OUT_OF_THE_CAVE
Score: -130
